0.000000
0.000000
0.000000
0.000000
0.000001
0.000000
0.000001
0.000002
0.000003
0.000003
0.000005
0.000007
0.000008
0.000011
0.000014
0.000017
0.000020
0.000024
0.000028
0.000033
0.000039
0.000044
0.000050
0.000057
0.000064
0.000073
0.000082
0.000092
0.000102
0.000113
0.000126
0.000140
0.000152
0.000181
0.000186
0.000201
0.000219
0.000237
0.000258
0.000278
0.000298
0.000326
0.000355
0.000470
0.000389
0.000430
0.000449
0.000475
0.000506
0.000605
0.000582
0.000625
0.000647
0.000697
0.000709
0.000771
0.000810
0.000852
0.000929
0.000945
0.001000
0.001042
0.001104
0.001168
0.001241
0.001310
0.001315
0.001401
0.001416
0.001477
0.001676
0.001632
0.001686
0.001791
0.001857
0.001946
0.002027
0.002097
0.002194
0.002255
0.002487
0.002434
0.002537
0.002623
0.002748
0.002825
0.002921
0.003109
0.003084
0.003233
0.003402
0.003427
0.003495
0.003731
0.003801
0.003973
0.004037
0.004208
0.004363
0.004439
0.004596
0.004700
0.004840
0.005073
0.005067
0.005285
0.005417
0.005755
0.005699
0.006023
0.006228
0.006478
0.006536
0.006858
0.006945
0.007184
0.007472
0.007555
0.007762
0.007899
0.008002
0.008242
0.008495
0.008883
0.008793
0.009442
0.009462
0.010115
0.011235
0.010066
0.011293
0.012280
0.010793
0.011086
0.011003
0.011480
0.011530
0.011686
0.012050
0.012326
0.012422
0.012753
0.012909
0.013217
0.013566
0.013917
0.014399
0.014372
0.014199
0.014285
0.015704
0.016241
0.016179
0.016928
0.017964
0.017472
0.017371
0.017968
0.018421
0.018668
0.020414
0.019485
0.019542
0.020075
0.020398
0.021066
0.021197
0.021561
0.021424
0.023082
0.025648
0.030114
0.024316
0.024073
0.024438
0.025068
0.025189
0.026304
0.026818
0.026988
0.027518
0.028095
0.029553
0.030041
0.029168
0.030940
0.031389
0.031584
0.031054
0.032904
0.034605
0.035035
0.041583
0.037607
0.037601
0.038520
0.038257
0.040951
0.040170
0.041475
